1000,1
1.507668
-1.846823
2.305065
-0.379779
3.313210
2.726681
-1.382090
-2.153410
-3.461774
-0.935625
-0.138286
0.462976
-1.933301
0.730204
-0.438294
1.382140
1.092878
-3.152833
-2.259745
1.381978
-6.080523
-2.761969
0.036832
-3.558941
-2.510591
2.519611
0.920183
0.558564
-0.693097
3.365794
2.699672
1.351708
3.750057
2.049005
2.901344
2.693529
-3.880934
-2.060382
1.304979
0.177766
3.111465
1.111276
3.749199
3.902722
-0.295370
5.043239
-5.829066
-6.378257
2.553701
1.405524
5.695092
-2.424205
-3.129091
3.992968
-1.452333
0.853588
0.775786
3.321672
-2.362508
-2.506722
4.048584
1.078114
2.732440
0.632044
-0.349935
-3.501515
-0.712654
-2.726389
-4.175672
-5.860707
0.623575
0.049689
-7.808861
-1.798376
1.309607
-1.759491
-0.712700
-1.330454
0.030062
-3.372218
-3.105075
-3.522442
-0.082123
-4.130222
-1.735163
-0.223276
0.963185
-2.332984
-2.140687
-10.347941
0.596802
1.079021
0.502643
3.039484
2.301793
-1.105034
-2.183826
-3.099736
-1.050445
-0.847342
3.764051
2.515920
0.398204
2.933155
-0.927302
2.604618
4.591799
-0.361617
-3.273235
4.311141
-1.920008
-0.365849
-2.853531
-2.354715
0.492472
4.690441
0.429901
-2.112800
4.432059
-1.656206
1.569800
-5.784934
0.630903
-1.601999
3.823868
1.448067
3.669602
1.375270
0.317641
-4.211245
0.648028
-0.652750
-0.045757
3.907591
-1.246408
-5.507927
5.618612
2.240358
-1.796657
1.826437
-2.761021
-4.725096
-2.066237
3.195869
1.083108
6.949767
3.114467
2.606176
1.805927
-2.260254
4.037636
-4.743344
0.649494
-0.070046
-1.065209
-0.871333
-1.799366
2.006767
-0.333104
-1.322230
-1.196208
-2.570226
3.223940
0.319558
2.373878
-2.024211
-3.610079
-2.180164
-2.954348
-0.937848
-0.388539
2.212171
0.146084
-0.640494
-3.418623
0.744365
1.319035
-0.287014
-2.916299
-4.205011
-5.646709
6.618447
0.444134
-2.510824
-1.961078
-1.833790
-1.701898
2.489180
-1.627936
2.279562
-1.523741
4.591353
-5.049222
1.390940
1.743652
1.193335
-0.840111
2.545954
1.027128
-0.803839
-4.361975
2.743148
2.105703
5.377403
0.699118
-0.074552
1.204689
-5.135497
-2.217124
-0.042862
4.091176
2.806283
3.361934
-2.598572
-0.420051
1.733726
-2.508808
0.712852
-2.484023
-0.753751
-2.016221
1.618436
-4.832802
-2.023881
-0.361090
-2.963241
-1.460128
-3.056132
-6.194088
2.849061
4.030341
0.179071
4.170083
0.917372
-2.904749
4.131702
-3.510569
-1.069850
0.898972
-2.822847
0.921757
-0.292300
3.508310
1.925697
0.458057
-0.595666
0.444386
-2.961756
7.661231
0.125425
-0.228699
-1.012660
-0.646245
2.110375
0.706726
1.765898
-0.824749
-2.059518
-0.688632
3.617619
1.763847
4.531138
0.660613
0.942987
1.906770
-0.002127
-3.545662
3.569657
3.659714
0.674444
1.171042
-5.849268
1.452645
-0.599641
4.725436
-2.953002
-0.765161
-0.591068
-3.106051
-2.911584
-2.723274
-3.516248
0.312066
-2.238570
-0.670242
4.658963
2.430276
-0.721753
-1.782873
4.232619
-1.898222
1.473321
2.736941
-5.055794
-2.028859
3.393438
-2.091558
3.286213
-0.473287
-3.248664
0.111164
1.944682
-0.153549
-4.186520
-1.106507
-0.094497
2.275393
-3.366770
0.266732
0.720855
-1.211023
0.705297
0.361391
3.016469
-1.102725
-2.050891
0.371879
-5.330370
4.525317
-0.241540
1.535955
0.981969
-3.764744
0.494753
-3.514369
-1.767422
1.534487
-0.241814
2.709670
-3.860857
-2.231532
-4.368434
2.514799
2.597187
-0.837822
-0.915342
-0.551749
-1.685229
-4.697862
4.669968
3.005764
-1.489785
-0.655913
-0.740043
2.681319
-2.219280
6.301455
3.729948
0.591942
2.265762
2.266011
1.184462
2.352693
-0.575513
0.909615
2.645775
-0.404260
-7.157812
1.286698
-1.976670
1.902446
-1.027612
3.341048
-0.474604
-1.155901
-0.484253
1.226829
3.620058
0.979089
1.821631
-0.311886
-0.230066
-1.977545
4.825096
-0.215243
0.634652
-0.737679
-1.140842
2.483192
6.458186
-3.305224
5.070984
-2.612054
-2.906826
-1.843818
2.015981
2.986993
4.443623
-3.765310
1.221333
-3.803511
4.194163
3.286810
-4.438489
-3.245936
-1.481555
4.124661
1.443124
4.306573
-0.729026
0.348547
-1.247206
4.821541
-4.864543
0.055944
1.491319
-1.025757
2.786609
-2.588458
-3.035646
7.846707
3.932391
-1.906669
-0.490894
-3.503371
-2.262089
0.186514
-4.090801
1.426291
5.570867
0.253121
-0.764617
-3.202574
-0.774880
3.564538
-3.877921
-0.458821
2.656645
-3.536887
-1.427182
5.601810
-1.226752
0.101690
1.595549
2.722092
2.628618
1.132125
-0.851603
4.589044
0.274941
0.562696
-2.006704
-0.947035
-0.154115
3.783878
3.365253
0.239338
-2.261620
-3.402008
-5.857020
7.509445
-0.310797
-0.611703
1.476523
2.021305
2.143264
0.766405
-1.046109
-5.705272
5.376269
2.092709
-2.584476
-2.587546
-3.259844
1.186278
1.425764
1.737988
1.182424
2.997867
0.366696
-3.615436
-2.762397
-4.347974
0.574115
4.986404
-0.859899
2.531406
1.610097
-1.984932
0.180981
1.957999
0.302989
-0.132401
-0.284599
0.123263
-1.837945
-0.853111
-6.967406
2.273776
1.681024
3.711045
3.180595
-0.444549
-0.407950
0.912473
-1.303652
-2.364743
0.439613
1.681259
0.818876
1.641841
-1.028308
2.077065
-2.727350
5.658755
1.196958
-0.618594
3.705069
-2.656220
-3.763226
-3.591537
-6.014650
-2.384015
-5.411311
-1.160124
-1.284768
1.310363
-6.953543
4.244294
-3.155198
2.672351
-0.458548
5.743240
-2.388715
5.430544
-2.436587
-4.231482
7.244264
-1.858999
-0.318414
0.775065
-5.562313
2.170188
4.967925
1.197345
-0.769924
2.502578
3.071568
-0.992718
-3.953387
-3.879027
2.388652
1.753717
-1.948337
3.544361
4.657193
-5.233958
9.917618
0.399901
-2.153980
-2.196021
-5.441498
2.687290
-2.171252
-2.818081
3.349394
3.789803
2.296552
2.161481
-3.749792
-2.103905
-2.596989
2.405223
3.244292
3.811355
2.000746
-0.615279
0.258885
0.094563
-3.576148
-0.780901
0.065466
1.497321
-0.044839
-1.512670
-4.874454
-3.805529
-2.158672
5.002093
-2.603212
3.650110
-2.988711
-4.959620
-1.080345
-1.023433
1.065599
-0.533227
-2.470814
4.857215
3.462527
-0.359243
2.513605
-1.809959
0.316799
4.848223
-0.158444
-4.277988
-3.893841
0.730266
3.258814
-1.298097
-3.967929
0.580228
2.037029
-0.465918
-0.016527
0.906854
0.486182
-2.055587
-0.420519
1.646322
7.270232
0.167169
-1.070128
4.209779
-1.882106
0.665388
-0.667114
3.865938
-1.633926
-0.113035
1.846108
5.186301
3.283000
-5.689624
-1.121583
-4.977764
-5.892772
5.675691
4.515035
0.803908
-2.871676
0.411908
1.278325
-0.752369
0.870150
6.195023
2.192145
-2.781726
-1.445869
1.182936
2.505502
-0.987058
2.390417
-2.176849
0.695233
1.791638
0.615186
-1.890762
-0.345911
-3.660773
0.689919
-4.035781
0.386294
1.741554
3.226910
0.087766
3.737736
-3.371943
0.940296
-6.874016
5.760194
-1.270873
-1.767513
1.908427
5.617518
0.389598
1.138224
0.569151
0.275245
2.028017
-5.919636
0.147259
-4.613305
-3.487176
-6.993809
-5.581345
-2.489349
3.023573
-0.118304
-3.827679
0.811900
7.223737
-2.056848
4.886869
-4.464912
0.865098
1.766622
2.823798
-0.654865
-0.419208
-6.478635
-1.226690
5.443096
0.962235
-0.330377
-2.306090
2.693318
-1.927723
1.767616
-0.353812
-0.571490
-0.117767
2.589835
-0.815382
1.427971
-4.521647
0.115490
2.020134
-5.947351
-3.628447
-3.116716
0.172290
1.688763
-0.543919
2.588562
2.064134
-3.916640
0.271194
0.869489
0.166259
0.674206
0.311709
1.901360
-3.375133
5.620464
-3.109251
2.102849
-1.729894
-3.804550
5.636084
-1.625066
-4.726519
0.870659
-0.037050
1.868690
3.089331
3.083348
-1.392539
1.352169
0.858351
-1.339392
-8.263477
-0.267234
1.504265
6.192475
2.149647
-1.386635
-5.087562
-5.074245
1.195402
1.366486
-3.580561
-2.321748
5.751621
0.759914
-1.340719
-0.872805
-6.556173
1.705914
3.062812
-3.319015
-1.098133
-2.193921
2.367345
-4.158678
2.087341
-1.859221
-0.747057
0.772951
2.491708
0.122284
3.625671
-2.510043
-0.921353
2.802297
-0.577721
1.545987
0.977214
-0.191977
5.424173
2.738309
3.071658
1.693844
-4.899175
2.900046
-4.381226
-7.421550
4.788228
-3.501427
-2.402848
-0.494418
0.775308
-1.854003
-0.282723
5.067597
-0.205107
-1.260428
2.496734
2.661006
-1.931514
2.671860
-1.389035
5.272932
-0.004981
0.905502
2.649887
0.674415
-1.628014
-2.831889
-2.854109
4.307689
-2.935973
1.959247
-4.102046
0.157193
-0.489623
-3.606844
-1.160423
1.039458
1.956461
1.017978
-4.052556
-1.230810
0.782807
3.298974
3.643231
1.243656
0.389800
-1.245473
1.654376
-2.588508
2.503536
7.851022
3.231025
-2.324781
-3.588011
1.346336
-4.983575
0.935372
-0.463954
-2.148979
1.747576
0.230545
-0.976456
0.531777
-2.429151
-4.212414
-2.076005
-2.886678
4.157555
2.234794
3.845281
-0.584458
3.615706
6.450222
1.648519
-0.795952
-1.714884
-2.724203
1.956929
-0.124410
0.080957
-0.455543
4.878521
0.953123
-4.132791
-0.680677
-1.754826
-8.849109
1.912644
-1.069726
1.915923
0.848023
2.387454
-2.430991
-1.063846
0.183129
2.151627
-2.078015
-2.986456
4.523982
-7.421333
1.532415
3.217964
2.363650
-0.665476
-2.592808
-0.684070
-5.450260
-4.442412
3.550531
0.339125
-3.461112
0.884740
4.988899
-4.932302
-1.107411
0.494345
0.522970
4.138802
1.670167
0.358250
1.382083
0.296700
-5.064725
-4.431684
2.191858
-4.671020
5.492415
-0.098150
5.414054
1.190492
-0.001601
0.551969
0.534257
4.443581
0.739078
2.613586
0.793545
1.029670
1.293986
2.170286
1.544195
1.440735
0.178863
0.672709
3.373119
-2.524444
-1.123243
2.564848
4.142092
-2.337662
-2.066625
-0.381018
-3.045502
-7.324635
-5.760782
-1.816971
1.863519
-3.987102
3.035363
-1.217095
-0.593461
0.767139
-2.015308
-0.380145
0.597739
-0.484562
0.447800
-5.691822
-0.319576
-1.107969
0.700049
-0.470633
1.954567
-2.710338
-1.739552
4.309041
0.370393
-1.677438
-4.411396
3.353701
1.569790
-2.064938
1.230260
1.988852
5.390991
3.126885
4.266335
3.570567
-1.016387
1.738520
-2.280203
-1.071844
2.104225
4.455260
-0.449988
-1.695343
0.324452
2.217652
-0.858178
-1.678248
-3.306101
-0.844012
1.015838
-1.769264
-6.984608
2.769729
-1.509405
0.393747
-4.060648
1.993452
0.126036
-2.729914
3.479756
-2.750935
0.433804
0.284308
-3.010694
